0.819062542
1.64325475
1.846213916
0.194241417
0.215043958
0.259270125
4.669111042
2.83876125
1.823245375
0.642334917
0.050671916
0.11882775
4.176493458
0.206571167
2.810205916
1.960245417
0.479201083
1.11860975
1.820175833
2.7501795
0.23763975
0.958116875
1.287338875
1.526347084
0.683866
0.493000667
2.000815208
2.815642166
1.127082041
5.3438795
1.3023005
0.199945042
0.04495375
0.510261125
1.678798416
0.220295708
0.176584792
0.719803667
0.74703825
2.1379295
1.668595292
1.729597625
0.394844208
3.868704625
0.047699791
1.8030125
2.298992083
0.644634125
0.982324459
0.020541584
1.50581625
0.893482916
3.267562416
0.919433083
9.193235916
10.066187666
1.008876791
0.100753459
1.35408075
0.935880083
1.604347209
0.700992917
2.408597542
1.862396458
1.416180083
2.974337708
4.682612042
0.553587
1.220816667
0.305427334
0.489265333
0.844771666
0.92256825
5.715548708
1.288744125
0.348173208
0.572554875
1.457962709
1.717192708
1.117205417
0.844215792
0.447471084
0.122623208
0.530458542
5.642382583
5.969124834
2.962814708
3.026320958
3.423854334
0.402393709
0.467405416
0.768481209
2.419835958
1.264504875
0.365043417
1.390008708
3.476852667
1.000883792
0.340933791
1.44010225
2.764931125
0.2812765
Average: 1.6560080101862742