0.772905042
4.379629542
0.759466708
1.124597625
1.641788417
0.344176583
0.375099416
0.803868958
1.164666375
1.564603958
1.916638625
0.331432375
0.757453792
1.20138175
0.363621291
0.714779791
1.110556291
1.808811292
2.191056292
2.536976375
4.483006125
0.359642125
0.79226425
0.485621083
0.396612083
0.763580542
2.892558875
5.286354833
0.469323334
4.271408959
1.857420333
0.427107292
0.97723475
1.3641425
1.683570125
2.037248333
2.394484625
0.530966083
0.592763667
1.127602917
0.372020334
0.945853167
0.485983834
2.136851292
2.576429709
2.894221125
0.328974917
0.663627792
1.060399042
1.476710708
0.403742
2.340562959
2.720629084
0.557710541
2.242989791
5.223537625
5.551675041
0.618307083
0.946303625
3.520797958
3.900317541
0.510694208
0.393390833
0.773368875
1.112781083
1.444944792
0.353049958
4.066081917
1.031862958
1.437892708
0.368276083
0.715106458
1.114594041
0.385056542
0.996421625
1.383159458
0.394805875
0.733772458
1.565841958
0.482755334
3.910391167
0.50971925
0.882061375
0.535940458
0.415583042
0.791873375
4.652555792
4.52959225
4.908924208
3.545660458
0.335483292
0.8211855
1.136397875
1.473881375
6.447524708
6.774646583
0.513669166
0.929368208
3.502020583
3.853589583
0.443410875
0.758766791
2.317867708
1.695953
2.033162083
2.440517416
0.446352208
4.913753042
5.27263325
7.376868333
0.386601792
0.393565
0.747753583
1.175709833
0.33853625
0.692764083
5.369895833
8.471749833
0.346159
0.695751959
6.574763792
0.717421125
1.255451042
0.465300416
0.787151041
0.390807667
0.760446459
1.085557459
1.410856084
0.491216917
0.49643425
0.859794458
1.206559333
0.38051025
1.119599334
0.346654458
0.764417
1.151317416
0.604637291
0.703300375
3.230825458
3.24289225
3.566419833
4.904760375
11.5551405
0.49944975
0.835893792
1.246908084
0.332370625
0.6803085
1.09832825
3.179688417
7.047848709
1.184352459
1.678104292
2.000286917
0.440788291
0.869434958
1.198628083
2.883791666
3.292842791
3.621717
0.388788416
0.74435925
1.062658291
1.394638958
1.71304675
0.575632583
4.542045208
0.355689042
1.01827675
1.438067125
0.421687458
1.927305167
2.341055667
0.457943167
0.863424125
0.396824208
0.723687125
0.318817709
0.68350175
1.106418459
1.445217042
1.788240292
0.466823292
0.787300334
1.145718417
3.718416667
4.141884584
4.474206167
4.789711709
0.579881
0.958662667
1.342050833
1.672361125
2.024417833
0.781631583
1.702022042
2.057891875
2.385086875
2.707101208
3.055521792
0.329120708
0.65695675
1.220755
0.362197458
0.743663333
1.062593667
1.390857125
1.730106708
2.07459125
2.048025375
2.041879334
0.326051208
1.147291916
1.486178208
1.865599
2.504899791
4.985100875
0.349284291
0.715726458
1.072414625
1.441622666
1.76548075
1.357221917
1.685805459
2.14604675
0.34856225
0.492619375
0.810978125
1.204238959
1.584537792
0.373472666
0.759893541
1.125971583
0.318133583
0.644146208
1.042492167
1.365826667
5.934841833
0.589886
0.922267083
0.349578
0.748004792
1.165368833
1.515015667
0.340391209
0.838193959
1.16427775
1.738684417
2.095372292
0.333345875
0.721375708
1.050448375
0.391258333
0.711262208
0.355964875
0.731279792
1.922783084
2.243962334
0.605164208
1.951948875
2.347413292
2.718043292
0.929468834
0.439462
0.440785459
0.773058084
1.145330459
0.68688625
3.058402
0.324799625
0.676135083
1.045503042
0.412017958
0.739587416
0.342685625
0.687931375
0.367710292
0.929560042
0.361214959
0.706982334
1.143095584
0.348396959
0.704914
3.42574975
2.627666834
3.150964542
0.53429825
0.864008875
0.417705958
0.739432708
1.128389833
0.450096208
3.897823583
4.287105375
4.619913875
4.972054583
0.343842583
0.719839125
1.130586167
0.342047583
2.893707167
5.009662667
1.388373041
1.75015025
2.072946625
2.523875708
3.295244917
0.343781459
0.812206834
0.359190291
0.953522125
0.419058125
0.759389541
0.377906083
0.382698333
0.751520541
1.098358958
3.071985625
0.367954542
0.6993655
1.043077625
1.503281375
1.8647155
0.566516209
0.99729475
0.346969458
0.688852708
3.642616375
4.073477
0.440719958
2.366838166
4.251980833
4.584255
4.901065291
5.351451458
0.321507583
0.6781055
2.002620333
4.797004166
0.325882958
0.732502708
2.497084958
2.839830333
0.470298875
7.19007675
0.362731833
0.756424791
0.408684083
0.438033125
0.7744185
1.146948875
1.541614709
2.290964209
0.358791791
0.781843125
1.231834291
1.550689958
0.396165583
0.75773075
1.081527417
1.47975975
0.4762955
0.892484333
0.788148708
1.129781375
1.497732958
1.833787541
0.387759459
0.808935084
0.662543958
1.102992958
1.914175083
2.242607833
0.539880291
0.922654541
1.248629833
1.631727875
1.9806435
0.429811166
0.831471166
0.325768042
7.174850667
7.542288292
10.912479042
11.298120167
0.346580958
0.700364083
1.029481417
1.451582875
2.607526875
1.132682209
1.602872917
1.96724425
2.71807375
0.352849041
0.741719375
1.106070833
1.4509965
2.593177541
2.907025583
3.279887583
0.34096925
0.930702083
0.4378295
0.770769792
5.152665083
5.522050208
0.387723459
0.722602334
1.079217084
1.656252292
1.976068209
0.464154583
0.569294375
0.601032083
1.339569916
1.656600291
2.006976708
2.4174775
2.763605916
5.539605083
0.347572166
0.738471833
1.068875666
1.470219125
1.855319
0.355807875
0.685304167
1.018155708
1.451528875
2.657333333
2.980463333
0.357664334
0.817128167
1.145020667
1.468653959
0.417901708
0.857424875
0.392653416
0.343560208
2.447690375
2.823591167
3.200066375
0.441845666
0.781322833
0.456781334
0.791133667
1.19165775
1.535565167
1.868894084
0.481597125
0.552653209
0.978915625
1.389539209
1.800776209
0.52257375
0.867113083
0.504254208
0.848599917
0.319189
0.72666525
0.360218416
0.688652791
1.021818166
0.401576792
3.165885792
3.502880959
0.346943625
0.685464583
1.087968291
1.421343166
1.757452416
0.446255792
0.782620042
8.224924292
0.450740041
0.770757041
3.513743125
4.453901375
4.914479083
5.234533
5.579318417
0.326442291
0.791324875
1.19961025
2.316709709
2.636596542
3.037470167
3.819432875
4.189649292
5.633541209
6.093821709
6.44819275
6.802681
0.448451167
0.3332785
0.787829
0.416162583
0.996290333
0.49822925
Average: 1.7038472477290834
Standard Deviation	s =	1.7361625